6450551
  -OEChem-04252105083D

 46 49  0     0  0  0  0  0  0999 V2000
   -3.2724    0.4260    1.8356 S   0  0  0  0  0  0  0  0  0  0  0  0
   -6.6235   -0.7942    1.1015 O   0  0  0  0  0  0  0  0  0  0  0  0
    0.5260   -1.6296   -1.1911 N   0  0  0  0  0  0  0  0  0  0  0  0
    1.8616   -1.5157   -1.2808 N   0  0  0  0  0  0  0  0  0  0  0  0
   -5.1376   -2.0264   -0.1832 N   0  0  0  0  0  0  0  0  0  0  0  0
    6.0507    0.7697    0.6552 N   0  0  0  0  0  0  0  0  0  0  0  0
    1.0254   -0.1979    0.3932 C   0  0  0  0  0  0  0  0  0  0  0  0
   -0.0377   -0.8643   -0.2060 C   0  0  0  0  0  0  0  0  0  0  0  0
    2.1618   -0.6437   -0.3154 C   0  0  0  0  0  0  0  0  0  0  0  0
   -1.3638   -0.7041    0.2015 C   0  0  0  0  0  0  0  0  0  0  0  0
   -1.5988    0.1744    1.2642 C   0  0  0  0  0  0  0  0  0  0  0  0
    0.7733    0.6814    1.4595 C   0  0  0  0  0  0  0  0  0  0  0  0
   -0.5499    0.8563    1.8839 C   0  0  0  0  0  0  0  0  0  0  0  0
   -4.0506    1.0577    0.3572 C   0  0  0  0  0  0  0  0  0  0  0  0
    3.4897   -0.2216   -0.0443 C   0  0  0  0  0  0  0  0  0  0  0  0
   -5.1278    0.4064   -0.2477 C   0  0  0  0  0  0  0  0  0  0  0  0
   -3.5546    2.2394   -0.1975 C   0  0  0  0  0  0  0  0  0  0  0  0
    4.6351   -0.6218   -0.6582 C   0  0  0  0  0  0  0  0  0  0  0  0
   -5.7064    0.9347   -1.4018 C   0  0  0  0  0  0  0  0  0  0  0  0
   -4.1332    2.7676   -1.3516 C   0  0  0  0  0  0  0  0  0  0  0  0
   -5.6880   -0.8302    0.2859 C   0  0  0  0  0  0  0  0  0  0  0  0
   -5.2089    2.1153   -1.9537 C   0  0  0  0  0  0  0  0  0  0  0  0
    5.9908   -0.1526   -0.3196 C   0  0  0  0  0  0  0  0  0  0  0  0
    7.0699   -0.6684   -0.9994 C   0  0  0  0  0  0  0  0  0  0  0  0
    8.3285   -0.1945   -0.6465 C   0  0  0  0  0  0  0  0  0  0  0  0
   -5.5996   -3.3315    0.2318 C   0  0  0  0  0  0  0  0  0  0  0  0
    7.2904    1.2066    0.9709 C   0  0  0  0  0  0  0  0  0  0  0  0
    8.4496    0.7610    0.3564 C   0  0  0  0  0  0  0  0  0  0  0  0
   -2.1610   -1.2494   -0.2917 H   0  0  0  0  0  0  0  0  0  0  0  0
    1.5754    1.2207    1.9539 H   0  0  0  0  0  0  0  0  0  0  0  0
   -0.7422    1.5384    2.7095 H   0  0  0  0  0  0  0  0  0  0  0  0
    0.0551   -2.2512   -1.8367 H   0  0  0  0  0  0  0  0  0  0  0  0
    3.5889    0.5066    0.7587 H   0  0  0  0  0  0  0  0  0  0  0  0
   -2.7223    2.7733    0.2550 H   0  0  0  0  0  0  0  0  0  0  0  0
    4.5773   -1.3520   -1.4628 H   0  0  0  0  0  0  0  0  0  0  0  0
   -6.5454    0.4371   -1.8815 H   0  0  0  0  0  0  0  0  0  0  0  0
   -3.7472    3.6878   -1.7805 H   0  0  0  0  0  0  0  0  0  0  0  0
   -5.6596    2.5269   -2.8521 H   0  0  0  0  0  0  0  0  0  0  0  0
   -4.3989   -1.9864   -0.8793 H   0  0  0  0  0  0  0  0  0  0  0  0
    6.9688   -1.4136   -1.7810 H   0  0  0  0  0  0  0  0  0  0  0  0
    9.2136   -0.5689   -1.1522 H   0  0  0  0  0  0  0  0  0  0  0  0
   -4.7527   -4.0211    0.2095 H   0  0  0  0  0  0  0  0  0  0  0  0
   -6.3647   -3.6645   -0.4736 H   0  0  0  0  0  0  0  0  0  0  0  0
   -6.0214   -3.2881    1.2389 H   0  0  0  0  0  0  0  0  0  0  0  0
    7.3306    1.9513    1.7590 H   0  0  0  0  0  0  0  0  0  0  0  0
    9.4206    1.1447    0.6478 H   0  0  0  0  0  0  0  0  0  0  0  0
  1 11  1  0  0  0  0
  1 14  1  0  0  0  0
  2 21  2  0  0  0  0
  3  4  1  0  0  0  0
  3  8  1  0  0  0  0
  3 32  1  0  0  0  0
  4  9  2  0  0  0  0
  5 21  1  0  0  0  0
  5 26  1  0  0  0  0
  5 39  1  0  0  0  0
  6 23  1  0  0  0  0
  6 27  2  0  0  0  0
  7  8  2  0  0  0  0
  7  9  1  0  0  0  0
  7 12  1  0  0  0  0
  8 10  1  0  0  0  0
  9 15  1  0  0  0  0
 10 11  2  0  0  0  0
 10 29  1  0  0  0  0
 11 13  1  0  0  0  0
 12 13  2  0  0  0  0
 12 30  1  0  0  0  0
 13 31  1  0  0  0  0
 14 16  1  0  0  0  0
 14 17  2  0  0  0  0
 15 18  2  0  0  0  0
 15 33  1  0  0  0  0
 16 19  2  0  0  0  0
 16 21  1  0  0  0  0
 17 20  1  0  0  0  0
 17 34  1  0  0  0  0
 18 23  1  0  0  0  0
 18 35  1  0  0  0  0
 19 22  1  0  0  0  0
 19 36  1  0  0  0  0
 20 22  2  0  0  0  0
 20 37  1  0  0  0  0
 22 38  1  0  0  0  0
 23 24  2  0  0  0  0
 24 25  1  0  0  0  0
 24 40  1  0  0  0  0
 25 28  2  0  0  0  0
 25 41  1  0  0  0  0
 26 42  1  0  0  0  0
 26 43  1  0  0  0  0
 26 44  1  0  0  0  0
 27 28  1  0  0  0  0
 27 45  1  0  0  0  0
 28 46  1  0  0  0  0
M  END
> <PUBCHEM_COMPOUND_CID>
6450551

> <PUBCHEM_CONFORMER_RMSD>
0.8

> <PUBCHEM_CONFORMER_DIVERSEORDER>
1
66
14
102
176
69
55
197
193
129
6
87
205
112
219
177
179
32
171
187
195
212
182
159
221
191
99
23
184
148
203
201
214
76
65
141
132
217
37
133
72
151
131
172
210
79
82
150
33
200
83
154
123
90
218
142
111
139
175
107
97
42
121
204
164
216
58
169
28
186
173
100
74
47
117
192
155
158
110
92
49
166
174
202
84
153
105
190
43
46
96
188
64
207
194
137
125
22
39
10
122
34
222
63
165
178
213
209
162
18
115
78
73
19
124
60
134
70
215
118
126
104
140
113
160
50
183
80
75
130
48
21
156
143
108
91
128
11
15
206
163
120
181
198
26
62
138
168
36
93
4
220
161
71
13
53
147
20
24
101
208
5
94
211
189
35
17
68
89
127
152
2
9
136
145
106
199
146
27
16
144
77
57
109
135
7
167
88
196
67
116
52
45
44
25
31
85
95
185
157
3
81
8
86
56
59
170
38
30
149
12
61
119
103
54
29
114
180
98
40
41
51

> <PUBCHEM_MMFF94_PARTIAL_CHARGES>
42
1 -0.2
10 -0.15
11 0.1
12 -0.15
13 -0.15
14 0.1
15 -0.1
16 0.09
17 -0.15
18 -0.18
19 -0.15
2 -0.57
20 -0.15
21 0.54
22 -0.15
23 0.34
24 -0.15
25 -0.15
26 0.3
27 0.16
28 -0.15
29 0.15
3 0.3
30 0.15
31 0.15
32 0.27
33 0.15
34 0.15
35 0.15
36 0.15
37 0.15
38 0.15
39 0.37
4 -0.71
40 0.15
41 0.15
45 0.15
46 0.15
5 -0.73
6 -0.62
8 -0.15
9 0.24

> <PUBCHEM_EFFECTIVE_ROTOR_COUNT>
6

> <PUBCHEM_PHARMACOPHORE_FEATURES>
9
1 2 acceptor
1 3 donor
1 4 acceptor
1 5 donor
1 6 acceptor
5 3 4 7 8 9 rings
6 14 16 17 19 20 22 rings
6 6 23 24 25 27 28 rings
6 7 8 10 11 12 13 rings

> <PUBCHEM_HEAVY_ATOM_COUNT>
28

> <PUBCHEM_ATOM_DEF_STEREO_COUNT>
0

> <PUBCHEM_ATOM_UDEF_STEREO_COUNT>
0

> <PUBCHEM_BOND_DEF_STEREO_COUNT>
1

> <PUBCHEM_BOND_UDEF_STEREO_COUNT>
0

> <PUBCHEM_ISOTOPIC_ATOM_COUNT>
0

> <PUBCHEM_COMPONENT_COUNT>
1

> <PUBCHEM_CACTVS_TAUTO_COUNT>
8

> <PUBCHEM_CONFORMER_ID>
00626D7700000001

> <PUBCHEM_MMFF94_ENERGY>
72.1461

> <PUBCHEM_FEATURE_SELFOVERLAP>
45.764

> <PUBCHEM_SHAPE_FINGERPRINT>
100830 39 18409165510867092190
10087517 78 17385723556467873269
10299344 5 14189574135372350180
11089746 13 16877947143867582380
11103572 155 11167675273892302884
11135926 11 17560803203895235935
11434127 23 18341609275069084711
11477941 20 18114455734780052989
11991303 11 18059568135580189870
12082328 90 17918279714157020825
13631057 29 18341049709693057243
13911987 19 17846771871954310581
13914758 101 17894630340715507288
14251764 18 15936412243470063124
14767858 380 16988556888693922036
14856354 85 18187930633613583655
15064986 266 18058173830756669513
15183329 4 15502377829266349488
15419008 47 18412541016018620408
15461852 350 18260555536890548318
15849732 13 18342458158191301676
17093844 174 8934997049512910477
17686467 74 18115873077638932993
19489759 90 17821452348207286961
21150785 3 16988839476156729340
21756936 100 16805609136416916769
21792961 116 18202282472410855438
23516275 137 12750702671531119716
23522609 53 13829575431072114386
23559900 14 17059762430034512816
2838139 119 17240770587612618901
445580 167 16702294672947848168
5207 217 18060421318021905754
54039377 194 15984811680278719877
58260988 114 15625650748499717231
6328613 192 15141259745003884964
6691757 9 16371018403203821704

> <PUBCHEM_SHAPE_MULTIPOLES>
554.28
23.44
2.27
1.57
39.62
0.4
-0.2
-1.77
3.39
-5.43
0.76
-1.13
-0.53
2.6

> <PUBCHEM_SHAPE_SELFOVERLAP>
1205.661

> <PUBCHEM_SHAPE_VOLUME>
303.6

> <PUBCHEM_COORDINATE_TYPE>
2
5
10

$$$$
